          
                                                                      [0m
                                                                      [0m
                                       [38;2;0;0;0m[48;2;3;1;1m▀[48;2;3;1;2m▀[0m                             [0m
                                     [38;2;0;0;0m[48;2;3;0;1m▀[38;2;5;2;3m[48;2;8;14;17m▀[38;2;24;15;24m[48;2;131;18;63m▀[38;2;30;18;29m[48;2;152;18;70m▀[38;2;9;4;7m[48;2;17;19;25m▀[38;2;0;0;0m[48;2;5;0;2m▀[0m                           [0m
                                    [38;2;0;0;0m[48;2;4;1;2m▀[38;2;9;5;8m[48;2;31;18;28m▀[38;2;64;23;45m[48;2;75;34;58m▀[38;2;228;4;82m[48;2;91;34;63m▀[38;2;239;2;84m[48;2;89;34;62m▀[38;2;83;25;53m[48;2;80;35;61m▀[38;2;15;9;15m[48;2;41;24;37m▀[38;2;1;0;0m[48;2;9;3;6m▀[0m                          [0m
                                   [38;2;2;0;0m[48;2;8;3;6m▀[38;2;11;12;14m[48;2;56;23;39m▀[38;2;101;24;56m[48;2;221;5;80m▀[38;2;205;10;79m[48;2;255;0;84m▀[38;2;193;10;76m[48;2;249;0;83m▀[38;2;193;11;76m[48;2;250;0;83m▀[38;2;204;10;78m[48;2;254;0;83m▀[38;2;120;23;62m[48;2;234;2;82m▀[38;2;20;17;22m[48;2;76;26;49m▀[38;2;4;0;1m[48;2;13;7;11m▀[0m                         [0m
                                  [38;2;4;0;1m[48;2;15;8;12m▀[38;2;25;17;23m[48;2;73;28;48m▀[38;2;127;24;63m[48;2;108;34;65m▀[38;2;208;9;79m[48;2;99;36;63m▀[38;2;195;11;76m[48;2;102;36;64m▀[38;2;198;11;76m▀▀[38;2;195;11;76m▀[38;2;207;10;78m[48;2;99;36;63m▀[38;2;144;23;68m[48;2;107;34;65m▀[38;2;37;23;32m[48;2;85;32;55m▀[38;2;8;2;4m[48;2;26;12;19m▀[38;2;0;0;0m[48;2;1;0;0m▀[0m                       [0m
                                [38;2;0;0;0m[48;2;2;0;0m▀[38;2;7;2;4m[48;2;23;16;18m▀[38;2;40;24;33m[48;2;151;20;65m▀[38;2;195;12;76m[48;2;255;0;87m▀[38;2;244;2;84m[48;2;255;0;83m▀[38;2;239;2;83m[48;2;255;0;84m▀[38;2;241;2;83m▀▀▀[38;2;240;2;83m▀[38;2;239;2;83m▀[38;2;243;2;83m▀[38;2;210;10;79m[48;2;255;0;86m▀[38;2;58;28;43m[48;2;173;18;71m▀[38;2;12;5;8m[48;2;37;21;27m▀[38;2;0;0;0m[48;2;5;1;2m▀[0m                      [0m
                               [38;2;0;0;0m[48;2;5;2;1m▀[38;2;15;6;8m[48;2;43;16;31m▀[38;2;58;23;45m[48;2;141;56;51m▀[38;2;149;19;74m[48;2;151;67;50m▀[38;2;161;16;75m[48;2;146;66;50m▀[38;2;159;16;75m[48;2;148;66;50m▀[38;2;160;16;75m[48;2;148;67;50m▀[38;2;161;16;75m[48;2;147;66;51m▀[38;2;162;16;75m[48;2;147;65;51m▀[38;2;161;16;75m▀[38;2;162;16;75m[48;2;147;66;51m▀[38;2;161;16;75m[48;2;149;67;50m▀[38;2;161;17;75m▀[38;2;161;16;75m[48;2;147;66;50m▀[38;2;156;18;75m[48;2;149;67;50m▀[38;2;73;26;53m[48;2;150;60;53m▀[38;2;24;10;15m[48;2;59;22;39m▀[38;2;0;0;0m[48;2;9;4;6m▀[0m                     [0m
                              [38;2;2;1;0m[48;2;10;4;6m▀[38;2;16;5;17m[48;2;69;26;38m▀[38;2;117;47;46m[48;2;232;98;38m▀[38;2;255;110;34m[48;2;255;109;32m▀[38;2;255;107;33m[48;2;253;105;34m▀▀[48;2;255;107;35m▀[38;2;255;108;33m[48;2;243;103;37m▀[38;2;255;115;34m[48;2;162;65;31m▀[38;2;255;118;35m[48;2;118;45;32m▀[48;2;117;45;32m▀[38;2;255;116;34m[48;2;161;65;32m▀[38;2;255;108;33m[48;2;242;102;37m▀[38;2;255;107;33m[48;2;255;107;35m▀[48;2;253;105;34m▀[48;2;254;105;34m▀[38;2;255;111;32m[48;2;255;107;33m▀[38;2;140;56;49m[48;2;244;103;36m▀[38;2;29;9;27m[48;2;91;35;45m▀[38;2;4;1;0m[48;2;18;7;12m▀[0m                    [0m
                            [38;2;0;0;0m[48;2;1;1;0m▀[38;2;3;1;1m[48;2;15;4;13m▀[38;2;37;13;26m[48;2;99;40;43m▀[38;2;97;33;59m[48;2;203;95;38m▀[38;2;134;49;60m[48;2;195;88;39m▀[38;2;131;46;60m[48;2;196;89;39m▀[38;2;132;45;60m[48;2;201;94;38m▀[38;2;144;50;61m[48;2;169;77;42m▀[38;2;130;50;54m[48;2;33;24;58m▀[38;2;54;29;45m[48;2;179;182;191m▀[38;2;83;85;111m[48;2;255;255;255m▀[38;2;140;145;165m▀[38;2;141;146;166m▀[38;2;84;87;113m▀[38;2;54;30;47m[48;2;178;181;190m▀[38;2;128;49;53m[48;2;31;24;59m▀[38;2;144;50;60m[48;2;165;76;42m▀[38;2;132;45;60m[48;2;201;94;38m▀[38;2;132;46;60m[48;2;196;89;39m▀[38;2;133;49;59m[48;2;195;88;40m▀[38;2;107;37;62m[48;2;204;96;37m▀[38;2;52;17;36m[48;2;121;49;48m▀[38;2;7;3;3m[48;2;26;8;22m▀[38;2;0;0;0m[48;2;2;1;0m▀[0m                  [0m
                           [38;2;0;0;0m[48;2;2;1;0m▀[38;2;7;3;3m[48;2;27;8;22m▀[38;2;53;18;36m[48;2;134;56;45m▀[38;2;212;100;34m[48;2;238;114;29m▀[38;2;255;131;20m[48;2;228;105;31m▀[38;2;255;126;22m[48;2;229;106;31m▀[38;2;255;125;22m[48;2;233;109;32m▀[38;2;255;136;23m[48;2;214;99;29m▀[38;2;94;45;28m[48;2;57;43;65m▀[38;2;160;165;181m[48;2;252;255;255m▀[38;2;153;146;153m[48;2;159;154;164m▀[38;2;57;48;68m[48;2;105;99;114m▀[38;2;244;244;244m[48;2;250;250;250m▀[38;2;251;251;251m[48;2;254;254;254m▀[38;2;249;249;250m[48;2;253;253;253m▀[38;2;255;255;255m[48;2;253;252;252m▀[38;2;153;156;172m[48;2;245;249;249m▀[38;2;92;46;31m[48;2;59;48;70m▀[38;2;255;136;23m[48;2;210;97;29m▀[38;2;255;125;22m[48;2;234;109;32m▀[38;2;255;126;22m[48;2;229;106;31m▀[38;2;255;130;20m[48;2;227;105;32m▀[38;2;228;109;31m[48;2;238;114;28m▀[38;2;74;26;44m[48;2;154;66;46m▀[38;2;14;5;8m[48;2;42;12;31m▀[38;2;0;0;0m[48;2;5;3;1m▀[0m                 [0m
                          [38;2;0;0;0m[48;2;5;3;1m▀[38;2;15;5;8m[48;2;38;6;34m▀[38;2;72;24;44m[48;2;182;110;34m▀[38;2;123;48;60m[48;2;239;165;17m▀[38;2;122;44;61m[48;2;237;155;21m▀[38;2;124;44;61m[48;2;240;157;20m▀[38;2;126;44;61m[48;2;239;156;20m▀[38;2;135;47;63m[48;2;242;161;20m▀[38;2;110;33;53m[48;2;215;139;17m▀[38;2;77;64;89m[48;2;63;64;81m▀[38;2;250;205;227m[48;2;234;132;180m▀[38;2;255;255;255m[48;2;249;213;229m▀[48;2;254;255;255m▀[48;2;255;255;255m▀[38;2;255;254;255m▀[38;2;255;252;253m▀[38;2;255;255;255m[48;2;251;218;232m▀[38;2;253;211;231m[48;2;236;133;180m▀[38;2;80;68;92m[48;2;64;65;85m▀[38;2;108;31;53m[48;2;211;136;17m▀[38;2;137;48;63m[48;2;242;162;20m▀[38;2;127;44;61m[48;2;239;156;20m▀[38;2;125;44;61m[48;2;240;157;20m▀[38;2;121;44;61m[48;2;238;156;20m▀[38;2;124;48;60m[48;2;239;163;18m▀[38;2;87;30;52m[48;2;199;124;32m▀[38;2;26;9;16m[48;2;56;13;42m▀[38;2;0;0;0m[48;2;11;5;5m▀[0m                [0m
                         [38;2;1;1;0m[48;2;11;6;5m▀[38;2;21;3;18m[48;2;56;14;42m▀[38;2;131;73;37m[48;2;166;93;43m▀[38;2;255;189;10m[48;2;191;117;35m▀[38;2;255;181;11m[48;2;190;110;38m▀[38;2;255;182;11m[48;2;193;112;37m▀[48;2;195;112;37m▀[48;2;197;112;37m▀[38;2;255;180;11m[48;2;196;110;38m▀[38;2;255;191;10m[48;2;202;120;36m▀[38;2;83;69;37m[48;2;150;76;40m▀[38;2;168;134;166m[48;2;39;44;80m▀[38;2;255;73;154m[48;2;208;147;178m▀[38;2;240;174;206m[48;2;251;58;148m▀[38;2;252;246;249m[48;2;244;45;145m▀[48;2;244;46;145m▀[38;2;241;177;207m[48;2;251;57;147m▀[38;2;255;72;154m[48;2;211;146;178m▀[38;2;173;135;168m[48;2;40;46;83m▀[38;2;80;67;39m[48;2;146;73;40m▀[38;2;255;190;10m[48;2;203;120;36m▀[38;2;255;181;11m[48;2;196;109;37m▀[38;2;255;182;11m[48;2;197;112;37m▀[48;2;196;112;37m▀[48;2;194;112;37m▀[38;2;255;180;11m[48;2;192;111;37m▀[38;2;255;192;8m[48;2;190;115;35m▀[38;2;155;90;38m[48;2;176;102;42m▀[38;2;34;8;27m[48;2;73;21;51m▀[38;2;3;2;0m[48;2;20;8;11m▀[0m               [0m
                       [38;2;0;0;0m[48;2;1;1;0m▀[38;2;3;2;0m[48;2;12;1;14m▀[38;2;35;10;26m[48;2;93;42;43m▀[38;2;122;60;48m[48;2;247;169;12m▀[38;2;141;69;51m[48;2;255;175;7m▀[38;2;137;61;53m[48;2;255;174;8m▀[38;2;142;63;53m[48;2;255;175;8m▀[38;2;145;63;53m▀[38;2;148;63;53m▀[38;2;151;63;53m▀[38;2;154;63;53m▀[38;2;155;60;53m▀[38;2;172;69;54m[48;2;253;173;8m▀[38;2;130;63;40m[48;2;255;177;11m▀[38;2;47;52;65m[48;2;220;149;13m▀[38;2;132;125;146m[48;2;49;31;35m▀[38;2;178;117;152m[48;2;75;78;99m▀[38;2;177;117;151m[48;2;78;80;100m▀[38;2;135;126;147m[48;2;46;29;37m▀[38;2;47;53;67m[48;2;217;146;14m▀[38;2;128;62;39m[48;2;255;177;11m▀[38;2;173;69;54m[48;2;253;173;8m▀[38;2;156;60;53m[48;2;255;175;8m▀[38;2;154;63;53m▀[38;2;151;63;53m▀[38;2;148;63;53m▀[38;2;145;62;52m▀[38;2;142;63;53m▀[38;2;138;62;53m▀[38;2;139;66;52m[48;2;255;174;8m▀[38;2;134;65;50m[48;2;252;175;9m▀[38;2;52;17;35m[48;2;117;57;45m▀[38;2;6;3;3m[48;2;23;3;22m▀[38;2;0;0;0m[48;2;2;2;0m▀[0m             [0m
                      [38;2;0;0;0m[48;2;1;1;0m▀[38;2;6;3;3m[48;2;27;9;20m▀[38;2;53;19;34m[48;2;85;33;55m▀[38;2;217;145;19m[48;2;143;77;48m▀[38;2;255;186;3m[48;2;141;72;49m▀[38;2;255;174;8m[48;2;145;73;49m▀[38;2;255;176;7m[48;2;150;75;49m▀[38;2;255;176;8m[48;2;164;81;50m▀[38;2;255;176;7m[48;2;167;81;50m▀[48;2;170;81;50m▀[38;2;255;176;8m[48;2;173;81;50m▀[38;2;255;176;7m[48;2;176;81;50m▀[48;2;178;81;50m▀[38;2;255;176;8m[48;2;181;80;51m▀[38;2;253;174;8m[48;2;182;79;50m▀[38;2;255;192;5m[48;2;190;82;52m▀[38;2;86;61;37m[48;2;65;31;46m▀[38;2;217;217;230m[48;2;208;210;217m▀[38;2;225;224;235m[48;2;214;216;222m▀[38;2;81;57;40m[48;2;62;31;48m▀[38;2;255;191;5m[48;2;190;82;52m▀[38;2;253;174;9m[48;2;182;79;50m▀[38;2;255;176;7m[48;2;181;80;50m▀[48;2;179;80;50m▀[48;2;177;81;50m▀[38;2;255;176;8m[48;2;174;81;50m▀[48;2;170;81;50m▀[48;2;166;81;50m▀[48;2;165;82;50m▀[38;2;255;176;7m[48;2;157;78;49m▀[38;2;255;175;8m[48;2;144;73;49m▀[38;2;255;184;4m[48;2;142;72;50m▀[38;2;233;158;15m[48;2;145;79;48m▀[38;2;73;29;41m[48;2;97;40;58m▀[38;2;13;5;8m[48;2;40;13;30m▀[38;2;0;0;0m[48;2;4;2;1m▀[0m            [0m
                     [38;2;0;0;0m[48;2;5;3;1m▀[38;2;10;3;9m[48;2;31;9;32m▀[38;2;74;32;41m[48;2;183;95;34m▀[38;2;178;91;39m[48;2;255;149;13m▀[38;2;172;82;42m[48;2;255;142;16m▀[38;2;174;83;42m[48;2;255;143;16m▀[38;2;179;85;42m[48;2;255;150;13m▀[38;2;169;81;44m[48;2;103;65;41m▀[38;2;127;50;41m[48;2;83;80;101m▀[38;2;133;51;39m[48;2;100;91;102m▀[38;2;134;51;39m[48;2;96;88;101m▀[38;2;136;51;39m▀[38;2;138;50;39m▀[38;2;139;50;39m[48;2;95;89;101m▀[38;2;142;50;39m[48;2;94;87;100m▀[38;2;142;49;40m[48;2;91;85;98m▀[38;2;151;52;40m[48;2;98;92;105m▀[38;2;56;25;43m[48;2;45;35;58m▀[38;2;211;213;219m[48;2;213;212;216m▀[38;2;218;219;224m[48;2;219;217;221m▀[38;2;54;25;45m[48;2;46;35;59m▀[38;2;149;51;39m[48;2;98;92;104m▀[38;2;142;50;40m[48;2;91;85;98m▀[38;2;142;50;39m[48;2;94;87;100m▀[38;2;140;50;39m[48;2;95;89;101m▀[38;2;138;50;39m[48;2;96;89;101m▀[38;2;137;51;39m[48;2;95;88;101m▀[38;2;135;51;39m[48;2;94;85;99m▀[38;2;133;51;39m[48;2;95;84;98m▀[38;2;128;49;39m[48;2;96;87;101m▀[38;2;146;65;43m[48;2;62;53;69m▀[38;2;184;88;42m[48;2;213;120;18m▀[38;2;175;82;42m[48;2;255;150;15m▀[38;2;171;81;43m[48;2;255;141;16m▀[38;2;180;93;39m[48;2;255;148;13m▀[38;2;93;41;46m[48;2;202;107;32m▀[38;2;18;6;16m[48;2;47;17;41m▀[38;2;1;1;0m[48;2;9;4;5m▀[0m           [0m
                    [38;2;1;1;0m[48;2;9;4;5m▀[38;2;16;6;17m[48;2;47;18;39m▀[38;2;107;53;41m[48;2;95;41;59m▀[38;2;243;136;20m[48;2;101;44;59m▀[38;2;238;128;22m[48;2;104;43;60m▀[38;2;235;127;22m[48;2;109;43;61m▀[38;2;245;139;23m[48;2;114;45;57m▀[38;2;152;78;21m[48;2;52;37;61m▀[38;2;95;97;126m[48;2;229;231;233m▀[38;2;255;255;255m[48;2;253;253;254m▀[48;2;252;251;252m▀[48;2;253;253;253m▀[48;2;254;253;254m▀[48;2;252;251;252m▀[48;2;255;255;255m▀[48;2;232;231;233m▀[48;2;132;133;143m▀[48;2;58;61;78m▀[38;2;72;66;85m[48;2;33;20;48m▀[38;2;208;206;212m[48;2;214;213;217m▀[38;2;215;213;217m[48;2;220;219;222m▀[38;2;72;65;85m[48;2;35;22;49m▀[38;2;255;255;255m[48;2;57;59;76m▀[48;2;130;130;140m▀[48;2;230;228;231m▀[48;2;255;255;255m▀[48;2;252;252;252m▀[48;2;237;241;240m▀[48;2;173;152;169m▀[48;2;169;110;150m▀[48;2;166;139;160m▀[38;2;197;200;215m[48;2;242;245;242m▀[38;2;69;40;40m[48;2;118;117;135m▀[38;2;239;134;23m[48;2;75;24;42m▀[38;2;237;128;22m[48;2;121;50;64m▀[38;2;237;127;22m[48;2;103;42;60m▀[38;2;246;138;19m[48;2;102;44;60m▀[38;2;130;66;43m[48;2;99;43;60m▀[38;2;27;9;26m[48;2;59;23;48m▀[38;2;3;2;0m[48;2;16;7;11m▀[0m          [0m
                  [38;2;0;0;0m[48;2;1;0;0m▀[38;2;4;2;0m[48;2;9;3;13m▀[38;2;18;5;27m[48;2;89;46;40m▀[38;2;142;77;40m[48;2;255;149;19m▀[38;2;221;127;27m[48;2;255;151;16m▀[38;2;213;118;30m[48;2;255;149;17m▀[38;2;214;118;29m[48;2;255;157;17m▀[38;2;231;134;30m[48;2;212;120;16m▀[38;2;97;50;29m[48;2;72;66;85m▀[38;2;143;146;165m[48;2;248;249;251m▀[38;2;255;255;255m[48;2;253;253;253m▀[38;2;250;250;251m[48;2;255;255;255m▀[38;2;253;253;253m▀[38;2;255;255;255m▀[38;2;253;253;253m[48;2;254;254;254m▀[38;2;255;255;255m[48;2;236;235;237m▀[38;2;204;201;206m[48;2;107;100;115m▀[38;2;77;77;89m[48;2;87;95;106m▀[38;2;38;18;50m[48;2;179;9;106m▀[38;2;181;2;108m[48;2;225;9;129m▀[38;2;85;12;67m[48;2;29;20;46m▀[38;2;215;222;221m[48;2;176;188;189m▀[38;2;221;227;226m[48;2;182;192;193m▀[38;2;84;15;68m[48;2;28;22;47m▀[38;2;183;1;108m[48;2;222;9;127m▀[38;2;40;17;50m[48;2;183;9;107m▀[38;2;75;76;87m[48;2;85;93;104m▀[38;2;201;199;204m[48;2;105;98;113m▀[38;2;255;255;255m[48;2;236;234;237m▀[38;2;131;140;142m[48;2;160;162;165m▀[38;2;165;0;91m[48;2;119;78;109m▀[38;2;243;0;122m[48;2;155;56;114m▀[38;2;184;0;93m[48;2;132;76;113m▀[38;2;134;127;137m[48;2;139;137;144m▀[38;2;234;236;238m[48;2;255;255;253m▀[38;2;59;44;65m[48;2;150;154;173m▀[38;2;203;113;27m[48;2;113;63;23m▀[38;2;219;123;29m[48;2;255;162;18m▀[38;2;212;118;30m[48;2;255;149;17m▀[38;2;220;126;27m[48;2;255;150;17m▀[38;2;162;88;40m[48;2;255;154;17m▀[38;2;31;11;36m[48;2;112;60;43m▀[38;2;7;4;2m[48;2;17;7;21m▀[38;2;0;0;0m[48;2;2;1;0m▀[0m        [0m
                 [38;2;0;0;0m[48;2;1;1;0m▀[38;2;6;4;3m[48;2;19;7;19m▀[38;2;30;10;35m[48;2;79;46;51m▀[38;2;149;80;41m[48;2;99;63;59m▀[38;2;202;113;30m[48;2;93;56;61m▀[38;2;195;105;33m[48;2;95;56;61m▀[38;2;195;104;33m[48;2;110;66;64m▀[38;2;207;118;33m[48;2;64;27;48m▀[38;2;76;44;36m[48;2;100;97;120m▀[38;2;184;188;202m[48;2;255;255;255m▀[38;2;255;255;255m[48;2;253;252;253m▀[38;2;252;252;252m[48;2;252;252;252m▀[38;2;216;214;218m[48;2;105;97;113m▀[38;2;206;203;209m[48;2;68;61;79m▀[38;2;242;242;243m[48;2;213;212;214m▀[38;2;255;255;255m[48;2;255;255;255m▀[38;2;171;168;177m[48;2;185;182;190m▀[38;2;151;144;157m[48;2;109;102;118m▀[38;2;104;111;121m[48;2;226;229;228m▀[38;2;154;0;88m[48;2;37;23;50m▀[38;2;232;10;132m[48;2;144;0;86m▀[38;2;110;20;82m[48;2;233;0;126m▀[38;2;86;24;73m[48;2;241;0;130m▀[38;2;85;24;74m[48;2;240;0;130m▀[38;2;109;20;81m[48;2;233;0;126m▀[38;2;229;10;131m[48;2;148;0;88m▀[38;2;160;0;91m[48;2;35;19;48m▀[38;2;99;105;116m[48;2;222;224;225m▀[38;2;153;146;159m[48;2;114;107;122m▀[38;2;171;167;176m[48;2;181;178;186m▀[38;2;249;248;248m[48;2;255;255;255m▀[38;2;195;203;202m[48;2;190;187;192m▀[38;2;170;199;186m[48;2;166;81;133m▀[38;2;166;193;184m[48;2;184;61;136m▀[38;2;237;250;244m[48;2;159;90;134m▀[38;2;255;255;255m[48;2;192;195;197m▀[38;2;250;250;251m[48;2;255;255;255m▀[38;2;74;69;91m[48;2;198;199;204m▀[38;2;169;92;26m[48;2;36;17;50m▀[38;2;204;111;34m[48;2;108;63;64m▀[38;2;194;104;33m[48;2;97;57;61m▀[38;2;201;111;30m[48;2;93;56;61m▀[38;2;165;89;39m[48;2;98;62;60m▀[38;2;44;16;44m[48;2;88;52;55m▀[38;2;12;7;7m[48;2;30;11;28m▀[38;2;0;0;0m[48;2;3;2;2m▀[0m       [0m
                [38;2;0;1;0m[48;2;3;3;2m▀[38;2;6;1;8m[48;2;24;10;31m▀[38;2;52;27;42m[48;2;167;154;49m▀[38;2;200;187;45m[48;2;238;235;42m▀[38;2;217;208;41m[48;2;221;216;43m▀[38;2;214;203;41m[48;2;221;217;43m▀[38;2;217;207;42m[48;2;241;234;44m▀[38;2;217;207;40m[48;2;105;93;31m▀[38;2;68;60;55m[48;2;133;129;157m▀[38;2;224;223;230m[48;2;255;255;255m▀[38;2;254;254;254m[48;2;249;249;250m▀[38;2;253;253;253m[48;2;253;252;253m▀[38;2;255;255;255m[48;2;252;252;252m▀▀▀▀[38;2;253;253;253m[48;2;251;251;251m▀[38;2;252;251;252m[48;2;252;252;252m▀[38;2;79;73;90m[48;2;234;233;235m▀[38;2;148;144;155m[48;2;74;68;86m▀[38;2;223;225;225m[48;2;79;71;90m▀[38;2;105;116;122m[48;2;171;164;175m▀[38;2;70;55;80m[48;2;193;194;199m▀[38;2;75;31;72m[48;2;188;195;197m▀▀[38;2;70;53;80m[48;2;193;194;199m▀[38;2;103;114;120m[48;2;173;165;176m▀[38;2;220;222;223m[48;2;81;73;92m▀[38;2;154;149;159m[48;2;72;65;83m▀[38;2;73;67;84m[48;2;230;229;231m▀[38;2;252;251;252m[48;2;253;253;253m▀[38;2;201;213;209m[48;2;200;200;203m▀[38;2;119;57;98m[48;2;123;118;126m▀[38;2;234;0;113m[48;2;142;61;112m▀[38;2;248;0;127m[48;2;155;35;107m▀[38;2;221;0;109m[48;2;138;69;114m▀[38;2;118;84;110m[48;2;127;125;132m▀[38;2;218;224;223m[48;2;216;215;218m▀[38;2;255;255;255m[48;2;251;251;251m▀[38;2;106;101;124m[48;2;223;222;231m▀[38;2;145;134;32m[48;2;58;48;58m▀[38;2;234;224;44m[48;2;211;201;39m▀[38;2;212;201;41m[48;2;228;223;43m▀[38;2;216;206;41m[48;2;221;216;43m▀[38;2;209;198;44m[48;2;235;232;42m▀[38;2;70;42;47m[48;2;184;173;49m▀[38;2;11;1;15m[48;2;37;19;40m▀[38;2;1;1;0m[48;2;7;5;5m▀[0m      [0m
               [38;2;0;1;0m[48;2;5;2;4m▀[38;2;14;6;14m[48;2;39;22;37m▀[38;2;61;21;36m[48;2;64;105;123m▀[38;2;137;99;40m[48;2;55;97;129m▀[38;2;136;97;40m[48;2;57;96;127m▀[38;2;137;96;40m[48;2;58;96;128m▀[38;2;143;100;42m[48;2;65;99;130m▀[38;2;126;98;43m[48;2;31;17;59m▀[38;2;84;79;94m[48;2;128;119;135m▀[38;2;255;255;255m[48;2;186;181;190m▀[48;2;181;175;185m▀[48;2;184;178;188m▀[48;2;183;178;187m▀▀▀▀▀▀[48;2;184;178;187m▀[48;2;182;177;186m▀[48;2;183;177;187m▀[38;2;189;188;193m[48;2;199;193;202m▀[38;2;109;103;119m[48;2;200;195;203m▀[38;2;89;81;100m[48;2;182;176;186m▀[38;2;90;79;100m[48;2;166;159;171m▀[38;2;90;80;100m▀[38;2;89;80;100m[48;2;182;176;186m▀[38;2;108;102;118m[48;2;200;195;203m▀[38;2;187;185;190m[48;2;199;194;202m▀[38;2;255;255;255m[48;2;183;177;187m▀[48;2;182;176;186m▀[48;2;184;178;187m▀[48;2;183;178;187m▀[38;2;212;214;214m[48;2;193;187;196m▀[38;2;158;171;169m[48;2;188;179;190m▀[38;2;152;169;163m[48;2;182;171;184m▀[38;2;162;173;172m[48;2;189;181;192m▀[38;2;224;224;225m[48;2;192;186;195m▀[38;2;255;255;255m[48;2;183;177;187m▀▀[48;2;182;176;186m▀[38;2;164;162;178m[48;2;183;179;186m▀[38;2;82;66;42m[48;2;49;31;65m▀[38;2;151;112;47m[48;2;53;67;104m▀[38;2;137;95;40m[48;2;61;103;133m▀[38;2;135;96;40m[48;2;57;95;127m▀[38;2;141;103;40m[48;2;54;94;127m▀[38;2;73;30;41m[48;2;65;109;128m▀[38;2;22;8;22m[48;2;49;32;50m▀[38;2;1;2;1m[48;2;11;4;8m▀[0m     [0m
             [38;2;0;0;0m[48;2;0;1;1m▀[38;2;1;4;4m[48;2;10;3;6m▀[38;2;23;0;8m[48;2;46;54;70m▀[38;2;58;110;124m[48;2;65;214;219m▀[38;2;65;231;234m[48;2;64;211;215m▀[38;2;66;220;220m[48;2;64;209;213m▀[38;2;66;222;222m[48;2;64;210;214m▀[38;2;66;227;226m[48;2;64;208;213m▀[38;2;63;208;210m[48;2;66;218;222m▀[38;2;51;45;67m[48;2;42;69;90m▀[38;2;92;84;103m[48;2;221;193;207m▀[38;2;86;82;101m[48;2;255;245;253m▀[38;2;87;83;101m[48;2;255;240;249m▀[48;2;255;242;251m▀▀▀▀▀▀▀▀▀[38;2;86;83;101m▀[38;2;84;80;98m▀▀[38;2;88;84;102m[48;2;255;241;250m▀[38;2;91;87;105m▀▀[38;2;88;84;102m▀[38;2;84;80;98m[48;2;255;242;251m▀▀[38;2;86;83;101m▀[38;2;87;83;101m▀▀▀[38;2;85;81;99m▀[38;2;86;82;100m▀[38;2;88;84;102m▀[38;2;86;82;100m▀[38;2;85;81;99m▀[38;2;87;83;101m▀▀[38;2;86;81;100m[48;2;255;239;249m▀[38;2;88;87;105m[48;2;255;241;252m▀[38;2;69;45;68m[48;2;101;82;104m▀[38;2;51;130;142m[48;2;46;158;168m▀[38;2;68;239;237m[48;2;68;221;225m▀[38;2;66;219;219m[48;2;64;207;212m▀[38;2;66;220;220m[48;2;64;209;214m▀[38;2;64;232;234m[48;2;64;209;213m▀[38;2;62;132;144m[48;2;65;221;225m▀[38;2;33;1;17m[48;2;54;73;90m▀[38;2;3;5;6m[48;2;18;4;12m▀[38;2;0;0;0m[48;2;0;2;1m▀[0m   [0m
            [38;2;0;0;0m[48;2;0;3;3m▀[38;2;3;4;5m[48;2;17;0;6m▀[38;2;31;9;23m[48;2;53;80;96m▀[38;2;58;36;61m[48;2;64;167;177m▀[38;2;62;56;79m[48;2;63;149;161m▀[38;2;63;51;74m[48;2;63;153;165m▀[38;2;65;52;76m[48;2;64;153;164m▀[38;2;67;53;76m[48;2;65;153;164m▀[38;2;67;52;75m[48;2;65;152;164m▀[38;2;76;56;80m[48;2;68;157;169m▀[38;2;41;34;53m[48;2;59;136;147m▀[38;2;143;11;91m[48;2;53;27;60m▀[38;2;246;9;133m[48;2;75;20;67m▀[38;2;229;7;126m[48;2;73;22;67m▀[38;2;233;7;127m[48;2;74;21;66m▀▀▀[48;2;74;21;67m▀▀▀▀▀▀[48;2;74;21;66m▀[48;2;74;21;67m▀▀▀▀▀▀▀▀▀▀▀▀▀▀[48;2;74;21;66m▀[48;2;74;21;67m▀▀▀[38;2;232;7;127m[48;2;73;21;66m▀[38;2;236;7;128m[48;2;75;23;69m▀[38;2;220;10;124m[48;2;65;14;57m▀[38;2;53;20;54m[48;2;50;85;103m▀[38;2;67;52;74m[48;2;68;162;173m▀[38;2;69;53;76m[48;2;65;151;163m▀[38;2;66;52;75m[48;2;65;153;165m▀[38;2;65;52;75m[48;2;64;153;164m▀[38;2;63;51;74m[48;2;63;153;164m▀[38;2;62;55;78m[48;2;63;150;161m▀[38;2;60;42;67m[48;2;64;166;176m▀[38;2;40;12;30m[48;2;58;96;112m▀[38;2;8;7;10m[48;2;26;1;14m▀[38;2;0;0;0m[48;2;2;4;4m▀[0m  [0m
           [38;2;0;1;0m[48;2;2;3;4m▀[38;2;8;1;5m[48;2;25;5;16m▀[38;2;41;33;49m[48;2;55;113;126m▀[38;2;66;203;209m[48;2;61;193;198m▀[38;2;65;228;231m[48;2;60;174;182m▀[38;2;65;223;227m[48;2;60;178;185m▀[38;2;65;224;227m▀▀[38;2;65;224;228m▀[38;2;65;224;227m[48;2;61;178;185m▀[38;2;64;224;227m▀[38;2;65;224;227m▀[38;2;61;198;202m[48;2;62;185;191m▀[38;2;54;193;195m[48;2;64;186;193m▀[38;2;55;194;197m[48;2;64;186;192m▀[38;2;54;194;197m[48;2;65;186;192m▀▀▀[38;2;54;194;196m[48;2;66;186;192m▀▀▀▀[48;2;67;186;192m▀▀[38;2;54;194;197m▀[38;2;54;194;196m[48;2;67;187;192m▀▀[48;2;68;186;192m▀[48;2;67;186;192m▀[48;2;67;187;192m▀[48;2;68;186;192m▀[48;2;67;186;192m▀[48;2;67;187;192m▀[48;2;67;186;192m▀▀▀[48;2;66;186;192m▀▀▀[38;2;54;194;197m▀[38;2;54;194;196m[48;2;65;186;192m▀▀▀[38;2;55;194;197m▀[38;2;54;194;197m[48;2;64;186;192m▀[38;2;56;192;196m[48;2;63;186;193m▀[38;2;65;214;218m[48;2;61;181;187m▀[38;2;65;226;229m[48;2;61;177;184m▀[38;2;65;224;227m[48;2;61;178;185m▀[38;2;65;224;228m▀[48;2;60;178;185m▀▀[38;2;65;224;227m▀[38;2;65;226;229m[48;2;60;175;182m▀[38;2;66;215;220m[48;2;60;191;196m▀[38;2;50;49;67m[48;2;58;131;143m▀[38;2;14;2;9m[48;2;34;11;27m▀[38;2;0;1;1m[48;2;6;4;7m▀[0m [0m
          [38;2;1;0;0m[48;2;5;3;5m▀[38;2;12;8;13m[48;2;25;21;32m▀[38;2;49;27;49m[48;2;198;9;106m▀[38;2;72;33;66m[48;2;238;2;119m▀[38;2;70;26;58m[48;2;232;3;117m▀[38;2;70;28;60m[48;2;234;3;117m▀[38;2;71;28;61m▀[38;2;71;28;60m▀▀[38;2;72;28;61m▀[38;2;74;28;61m▀[38;2;76;29;61m▀[38;2;77;28;61m[48;2;235;3;117m▀[38;2;78;28;60m▀[38;2;80;28;60m▀[38;2;81;28;60m▀[38;2;83;28;60m▀[38;2;85;28;60m▀[38;2;88;29;61m▀▀[38;2;90;29;61m▀[38;2;91;29;61m[48;2;236;3;117m▀[38;2;93;30;61m▀[38;2;94;30;61m▀[38;2;95;30;61m▀▀[38;2;96;30;61m▀[38;2;97;30;61m▀[38;2;98;30;61m▀▀▀[38;2;97;30;61m▀[48;2;236;4;117m▀[38;2;96;30;61m[48;2;236;3;117m▀▀[38;2;95;30;61m▀[38;2;94;29;61m▀[38;2;93;30;61m▀[38;2;92;29;61m▀[38;2;90;29;61m[48;2;235;3;117m▀[38;2;88;29;61m▀[38;2;87;29;61m▀[38;2;86;29;61m▀[38;2;84;28;61m▀[38;2;82;28;60m▀[38;2;81;28;60m▀[38;2;79;28;60m▀[38;2;77;28;60m▀[38;2;75;28;61m▀[38;2;74;28;60m[48;2;234;3;117m▀[38;2;72;28;60m▀[38;2;71;28;60m▀[38;2;70;27;60m▀[38;2;71;28;61m[48;2;235;3;117m▀[38;2;70;28;61m[48;2;234;3;117m▀[38;2;70;26;59m[48;2;233;3;117m▀[38;2;72;33;66m[48;2;237;2;117m▀[38;2;57;31;56m[48;2;212;7;112m▀[38;2;19;13;21m[48;2;41;25;43m▀[38;2;2;0;1m[48;2;7;6;9m▀[0m
          [38;2;8;15;17m[48;2;27;15;27m▀[38;2;148;14;87m[48;2;142;15;84m▀[38;2;255;0;133m[48;2;156;13;89m▀[38;2;255;0;125m[48;2;153;13;88m▀[38;2;255;0;127m[48;2;154;13;88m▀▀▀▀▀▀▀▀[48;2;155;13;88m▀▀▀[48;2;156;13;88m▀[48;2;157;13;88m▀[48;2;157;13;89m▀[48;2;157;14;89m▀[48;2;158;14;89m▀▀▀[48;2;159;14;88m▀[48;2;159;14;89m▀[48;2;160;14;88m▀[48;2;160;14;89m▀[48;2;160;14;88m▀[48;2;161;14;89m▀▀[48;2;160;14;89m▀[48;2;161;14;89m▀▀[48;2;160;14;88m▀[48;2;160;14;89m▀▀▀[48;2;160;14;88m▀[48;2;159;14;88m▀▀[48;2;158;14;89m▀▀▀[48;2;157;14;89m▀[48;2;157;13;89m▀[48;2;156;13;88m▀[48;2;155;13;88m▀▀▀[48;2;154;13;88m▀▀▀▀▀▀[48;2;154;13;89m▀[48;2;154;13;88m▀[38;2;255;0;126m[48;2;153;13;88m▀[38;2;255;0;133m[48;2;155;13;89m▀[38;2;171;13;97m[48;2;145;14;86m▀[38;2;17;19;26m[48;2;33;18;33m▀[0m
                                                            [0m
                                                            [0m
[38;2;109;8;49m[48;2;240;72;136m▀[38;2;155;8;68m[48;2;255;203;214m▀[38;2;148;7;65m[48;2;255;199;209m▀[38;2;154;8;67m[48;2;255;203;218m▀[38;2;131;7;58m[48;2;255;125;171m▀[38;2;5;1;3m[48;2;66;1;19m▀[38;2;86;5;38m[48;2;205;66;118m▀[38;2;159;8;69m[48;2;255;203;220m▀[38;2;148;8;65m[48;2;255;199;209m▀[38;2;152;7;67m[48;2;255;203;218m▀[38;2;139;9;62m[48;2;255;125;174m▀[38;2;20;2;9m[48;2;61;4;23m▀[38;2;2;0;1m[48;2;0;5;0m▀[38;2;3;0;1m[48;2;0;2;0m▀[38;2;1;0;1m[48;2;0;0;0m▀[38;2;3;0;1m[48;2;0;2;0m▀[48;2;0;5;0m▀[38;2;15;2;7m[48;2;51;4;18m▀[38;2;132;9;59m[48;2;255;118;168m▀[38;2;153;8;67m[48;2;255;203;218m▀[38;2;151;8;67m[48;2;255;202;211m▀[38;2;121;9;55m[48;2;250;71;139m▀[38;2;120;1;50m[48;2;255;160;187m▀[38;2;137;3;57m[48;2;255;194;214m▀[38;2;119;4;51m[48;2;255;138;174m▀[38;2;125;13;58m[48;2;238;19;109m▀[38;2;232;59;125m[48;2;254;224;219m▀[38;2;225;66;127m[48;2;255;254;241m▀[38;2;225;56;121m[48;2;254;234;223m▀[38;2;165;9;73m[48;2;255;195;206m▀[38;2;152;7;67m[48;2;255;203;218m▀[38;2;140;7;62m[48;2;255;139;181m▀[38;2;10;1;5m[48;2;77;1;26m▀[38;2;81;5;36m[48;2;195;58;110m▀[38;2;157;8;69m[48;2;255;203;217m▀[48;2;255;203;218m▀[38;2;96;6;42m[48;2;214;72;125m▀[38;2;3;1;2m[48;2;54;1;13m▀[38;2;125;7;55m[48;2;253;109;160m▀[38;2;155;8;67m[48;2;255;203;222m▀[38;2;153;10;68m[48;2;255;158;194m▀[38;2;47;5;22m[48;2;120;6;52m▀[38;2;2;0;1m[48;2;0;2;0m▀[38;2;5;0;3m[48;2;0;3;0m▀[38;2;3;0;1m[48;2;0;2;0m▀[38;2;1;0;1m▀[38;2;0;0;0m[48;2;3;0;1m▀[38;2;1;0;1m[48;2;0;0;0m▀[38;2;2;0;1m[48;2;0;2;0m▀[38;2;4;0;2m[48;2;0;3;0m▀[38;2;2;0;1m[48;2;0;1;0m▀[38;2;36;4;17m[48;2;104;6;46m▀[38;2;149;9;66m[48;2;255;159;194m▀[38;2;149;7;65m[48;2;255;203;215m▀[38;2;157;9;69m[48;2;255;186;209m▀[38;2;63;6;29m[48;2;166;24;80m▀[38;2;1;0;1m[48;2;0;2;0m▀[38;2;4;0;2m[48;2;0;5;0m▀[38;2;20;2;9m[48;2;61;5;24m▀[38;2;138;9;61m[48;2;255;130;177m▀[38;2;151;7;66m[48;2;255;203;216m▀[38;2;157;8;69m[48;2;255;202;215m▀[38;2;86;7;39m[48;2;195;48;105m▀[38;2;0;1;0m[48;2;121;0;47m▀[38;2;71;0;25m[48;2;252;113;161m▀[38;2;158;11;71m[48;2;255;205;215m▀[38;2;191;32;96m[48;2;255;227;223m▀[38;2;182;25;88m[48;2;255;222;222m▀[38;2;120;0;48m[48;2;255;168;196m▀[38;2;17;0;5m[48;2;205;39;105m▀[38;2;0;1;0m[48;2;23;0;8m▀[48;2;26;0;9m▀[38;2;19;0;5m[48;2;208;42;107m▀[38;2;120;0;48m[48;2;255;168;196m▀[38;2;180;24;87m[48;2;255;221;221m▀[38;2;192;32;96m[48;2;255;227;223m▀[38;2;159;12;71m[48;2;255;206;215m▀[38;2;69;0;24m[48;2;252;109;159m▀[38;2;0;1;0m[48;2;117;2;49m▀[38;2;2;0;1m[48;2;0;1;0m▀[0m
[38;2;233;89;141m[48;2;234;85;140m▀[38;2;253;255;243m[48;2;255;253;237m▀[38;2;252;255;238m[48;2;254;251;233m▀[38;2;252;255;246m[48;2;254;253;236m▀[38;2;253;212;213m[48;2;253;245;229m▀[38;2;168;0;64m[48;2;235;29;112m▀[38;2;230;130;160m[48;2;247;176;191m▀[38;2;253;255;251m[48;2;255;252;242m▀[38;2;251;255;236m[48;2;253;246;230m▀[38;2;252;255;249m[48;2;255;253;243m▀[38;2;252;161;187m[48;2;245;147;176m▀[38;2;94;0;29m[48;2;237;63;130m▀[38;2;36;0;9m[48;2;241;108;157m▀[38;2;39;0;11m[48;2;240;98;148m▀[38;2;18;0;7m[48;2;218;29;104m▀[38;2;37;0;11m[48;2;237;90;143m▀[38;2;37;0;10m[48;2;241;108;157m▀[38;2;85;0;24m[48;2;238;72;134m▀[38;2;251;151;180m[48;2;244;142;173m▀[38;2;253;255;249m[48;2;255;253;243m▀[38;2;252;255;239m[48;2;254;250;232m▀[38;2;236;78;135m[48;2;244;142;172m▀[38;2;249;232;221m[48;2;252;231;222m▀[38;2;254;255;255m[48;2;254;252;241m▀[38;2;245;183;194m[48;2;249;203;206m▀[38;2;231;0;94m[48;2;239;89;144m▀[38;2;250;221;216m[48;2;245;157;180m▀[38;2;254;252;242m[48;2;247;175;194m▀[38;2;249;213;210m[48;2;243;128;163m▀[38;2;249;227;218m[48;2;246;165;185m▀[38;2;252;255;250m[48;2;255;252;244m▀[38;2;253;221;218m[48;2;254;246;230m▀[38;2;166;1;66m[48;2;231;31;111m▀[38;2;223;114;150m[48;2;245;158;182m▀[38;2;253;255;249m[48;2;255;253;241m▀[38;2;253;255;248m[48;2;255;253;240m▀[38;2;233;139;167m[48;2;247;186;196m▀[38;2;148;0;52m[48;2;229;14;101m▀[38;2;251;186;198m[48;2;251;224;217m▀[38;2;252;255;255m[48;2;255;254;246m▀[38;2;249;158;184m[48;2;230;87;139m▀[38;2;55;0;17m[48;2;167;1;68m▀[38;2;30;0;8m[48;2;237;95;147m▀[38;2;73;0;25m[48;2;255;137;177m▀[38;2;62;0;20m[48;2;253;129;171m▀[38;2;17;0;3m[48;2;225;65;125m▀[38;2;0;2;0m[48;2;104;0;40m▀[38;2;16;0;5m[48;2;185;39;96m▀[38;2;40;0;11m[48;2;250;106;159m▀[38;2;39;0;11m[48;2;237;96;146m▀[38;2;26;0;9m[48;2;228;57;122m▀[38;2;135;0;48m[48;2;245;122;163m▀[38;2;251;201;209m[48;2;250;217;213m▀[38;2;248;255;248m[48;2;254;253;240m▀[38;2;253;243;234m[48;2;254;234;226m▀[38;2;154;29;78m[48;2;198;21;93m▀[38;2;14;0;3m[48;2;206;49;109m▀[38;2;74;0;26m[48;2;255;145;186m▀[38;2;119;0;38m[48;2;248;107;157m▀[38;2;249;164;187m[48;2;245;167;185m▀[38;2;252;255;249m[48;2;255;253;242m▀[38;2;252;255;240m[48;2;253;244;229m▀[38;2;231;47;119m[48;2;239;80;139m▀[38;2;250;116;161m[48;2;251;238;224m▀[38;2;255;255;248m[48;2;254;253;239m▀[38;2;252;255;240m[48;2;253;242;229m▀[38;2;255;255;247m[48;2;238;113;155m▀[38;2;254;255;242m[48;2;247;189;198m▀[38;2;250;255;243m[48;2;255;255;245m▀[38;2;255;216;221m[48;2;255;255;255m▀[38;2;172;17;79m[48;2;248;116;161m▀[38;2;181;27;88m[48;2;248;127;167m▀[38;2;255;226;227m[48;2;253;255;246m▀[38;2;250;255;244m[48;2;255;251;237m▀[38;2;254;255;243m[48;2;247;182;194m▀[38;2;255;255;247m[48;2;238;117;157m▀[38;2;252;255;239m[48;2;254;252;234m▀[38;2;255;255;246m[48;2;253;255;248m▀[38;2;252;109;160m[48;2;255;246;234m▀[38;2;66;0;22m[48;2;174;28;86m▀[0m
[38;2;234;86;140m[48;2;234;85;140m▀[38;2;255;255;238m[48;2;255;255;242m▀[38;2;254;252;233m[48;2;251;230;220m▀[48;2;251;223;216m▀[38;2;255;255;240m[48;2;255;255;243m▀[38;2;240;95;146m[48;2;248;191;198m▀[38;2;250;215;213m[48;2;253;247;231m▀[38;2;255;255;239m[48;2;251;220;215m▀[38;2;254;249;231m[48;2;252;237;225m▀[38;2;255;255;246m[48;2;255;255;247m▀[38;2;244;140;173m[48;2;244;140;172m▀[38;2;248;179;193m[48;2;246;167;187m▀[38;2;255;255;255m[48;2;254;252;245m▀[38;2;255;252;233m[48;2;252;236;224m▀[38;2;240;49;124m[48;2;235;47;120m▀[38;2;252;228;220m[48;2;249;213;211m▀[38;2;255;255;255m[48;2;254;252;245m▀[38;2;250;207;208m[48;2;248;192;200m▀[38;2;244;142;173m[48;2;244;142;173m▀[38;2;255;255;244m[48;2;255;255;244m▀[38;2;254;252;233m[48;2;254;253;233m▀[38;2;255;255;246m[48;2;249;198;203m▀[38;2;254;255;237m[48;2;253;244;229m▀[38;2;254;255;234m[48;2;254;255;239m▀[38;2;255;255;241m[48;2;252;230;221m▀[38;2;255;255;244m[48;2;246;166;186m▀[38;2;253;244;228m[48;2;252;235;224m▀[38;2;255;255;244m[48;2;255;255;244m▀[38;2;249;198;203m[48;2;249;204;206m▀[38;2;241;112;156m[48;2;237;61;128m▀[38;2;255;255;242m[48;2;254;252;234m▀[38;2;255;255;240m[48;2;255;255;241m▀[38;2;240;86;142m[48;2;245;166;185m▀[38;2;249;198;204m[48;2;252;230;221m▀[38;2;255;254;241m[48;2;255;255;239m▀[38;2;254;255;238m[48;2;254;255;237m▀[38;2;251;223;217m[48;2;253;245;229m▀[38;2;238;68;132m[48;2;244;152;177m▀[38;2;254;253;235m[48;2;255;255;245m▀[38;2;253;245;231m[48;2;248;193;201m▀[38;2;237;48;121m[48;2;243;130;166m▀[38;2;255;178;197m[48;2;253;255;247m▀[38;2;255;255;246m[48;2;254;252;236m▀[38;2;254;255;249m[48;2;247;161;184m▀[38;2;253;255;247m[48;2;250;202;205m▀[38;2;255;254;243m[48;2;254;255;243m▀[38;2;251;106;157m[48;2;251;245;228m▀[38;2;240;72;135m[48;2;241;116;158m▀[38;2;255;255;251m[48;2;253;250;234m▀[38;2;255;255;236m[48;2;253;253;233m▀[38;2;254;233;222m[48;2;254;255;241m▀[38;2;254;255;243m[48;2;255;255;235m▀[38;2;253;247;230m[48;2;253;244;228m▀[38;2;255;255;239m[48;2;255;255;241m▀[38;2;251;228;220m[48;2;251;218;214m▀[38;2;243;61;131m[48;2;245;162;183m▀[38;2;255;235;228m[48;2;254;255;243m▀[38;2;252;255;245m[48;2;254;251;235m▀[38;2;255;255;249m[48;2;246;161;183m▀[38;2;254;255;237m[48;2;250;212;211m▀[38;2;254;255;236m[48;2;255;255;242m▀[38;2;253;239;226m[48;2;252;237;225m▀[38;2;244;148;175m[48;2;248;186;197m▀[38;2;254;255;237m[48;2;254;254;237m▀[38;2;254;255;242m[48;2;255;255;244m▀[38;2;251;171;191m[48;2;242;122;162m▀[38;2;157;0;49m[48;2;237;63;130m▀[38;2;213;41;108m[48;2;244;143;177m▀[38;2;249;192;205m[48;2;243;134;168m▀[38;2;246;166;190m[48;2;243;128;166m▀[38;2;239;102;150m[48;2;241;110;155m▀[38;2;249;209;209m[48;2;252;236;224m▀[38;2;254;254;240m[48;2;255;255;240m▀[38;2;255;251;237m[48;2;252;235;223m▀[38;2;209;52;112m[48;2;234;42;118m▀[38;2;160;0;49m[48;2;243;126;164m▀[38;2;248;139;174m[48;2;244;138;172m▀[38;2;246;183;199m[48;2;242;133;167m▀[38;2;248;153;180m[48;2;247;127;166m▀[38;2;207;41;106m[48;2;210;44;108m▀[0m
[38;2;234;85;140m[48;2;234;85;140m▀[38;2;255;255;243m[48;2;255;255;243m▀[38;2;250;215;213m[48;2;250;216;213m▀[38;2;246;172;188m[48;2;242;116;157m▀[38;2;255;255;242m[48;2;255;255;241m▀[38;2;254;252;233m[48;2;254;252;234m▀[38;2;255;255;240m[48;2;254;253;235m▀[38;2;246;161;183m[48;2;241;110;155m▀[38;2;252;232;223m[48;2;253;238;226m▀[38;2;255;255;248m[48;2;255;255;248m▀[38;2;244;140;172m[48;2;244;140;172m▀[38;2;247;169;188m[48;2;247;169;188m▀[38;2;255;255;247m[48;2;255;255;247m▀[38;2;253;239;226m[48;2;253;239;226m▀[38;2;236;48;122m[48;2;236;42;118m▀[38;2;250;216;213m[48;2;250;214;212m▀[38;2;255;255;247m[48;2;255;255;247m▀[38;2;249;195;202m[48;2;249;195;202m▀[38;2;244;142;173m[48;2;244;142;173m▀[38;2;255;255;244m[48;2;255;255;244m▀[38;2;254;254;234m[48;2;254;254;234m▀[38;2;238;77;136m[48;2;239;88;142m▀[38;2;251;220;216m[48;2;251;222;217m▀[38;2;255;255;248m[48;2;255;255;247m▀[38;2;247;175;191m[48;2;247;177;192m▀[38;2;232;0;97m[48;2;233;8;101m▀[38;2;251;223;218m[48;2;251;223;218m▀[38;2;255;255;245m[48;2;255;255;244m▀[38;2;250;210;210m[48;2;251;215;213m▀[38;2;235;25;109m[48;2;217;5;92m▀[38;2;251;225;218m[48;2;246;177;191m▀[38;2;255;255;240m[48;2;255;255;243m▀[38;2;253;242;228m[48;2;253;250;232m▀[38;2;255;254;238m[48;2;255;255;245m▀[38;2;250;216;212m[48;2;243;136;169m▀[38;2;252;234;223m[48;2;247;186;197m▀[38;2;254;255;237m[48;2;255;255;243m▀[38;2;253;240;226m[48;2;254;252;233m▀[38;2;255;255;245m[48;2;255;255;242m▀[38;2;245;153;178m[48;2;240;107;153m▀[38;2;249;195;202m[48;2;249;209;209m▀[38;2;255;253;243m[48;2;255;255;242m▀[38;2;255;251;234m[48;2;255;247;231m▀[38;2;227;24;105m[48;2;216;30;103m▀[38;2;239;116;157m[48;2;235;115;155m▀[38;2;255;254;245m[48;2;255;255;245m▀[38;2;254;255;235m[48;2;254;254;235m▀[38;2;248;188;197m[48;2;249;206;206m▀[38;2;253;245;229m[48;2;253;243;228m▀[38;2;255;255;241m[48;2;255;255;247m▀[38;2;249;201;205m[48;2;228;118;154m▀[38;2;232;62;126m[48;2;153;0;52m▀[38;2;250;206;208m[48;2;254;197;205m▀[38;2;255;255;245m[48;2;254;255;245m▀[38;2;251;223;217m[48;2;251;226;219m▀[38;2;249;207;208m[48;2;250;216;213m▀[38;2;255;254;240m[48;2;255;255;241m▀[38;2;254;251;234m[48;2;253;243;228m▀[38;2;234;25;109m[48;2;231;23;107m▀[38;2;244;147;175m[48;2;244;154;179m▀[38;2;255;255;248m[48;2;255;255;247m▀[38;2;252;235;224m[48;2;252;234;224m▀[38;2;249;195;201m[48;2;247;174;190m▀[38;2;254;255;237m[48;2;254;254;237m▀[38;2;255;255;245m[48;2;255;255;244m▀[38;2;241;108;155m[48;2;244;145;174m▀[38;2;244;134;169m[48;2;238;67;132m▀[38;2;255;255;255m[48;2;248;181;200m▀[38;2;254;255;242m[48;2;253;244;229m▀[38;2;255;255;251m[48;2;255;251;240m▀[38;2;250;213;212m[48;2;248;184;196m▀[38;2;252;230;220m[48;2;251;221;216m▀[38;2;255;255;241m[48;2;255;255;240m▀[38;2;252;232;221m[48;2;253;246;231m▀[38;2;236;48;121m[48;2;236;53;124m▀[38;2;255;255;238m[48;2;244;141;171m▀[38;2;255;255;252m[48;2;251;216;216m▀[38;2;254;255;243m[48;2;253;251;236m▀[38;2;255;255;248m[48;2;255;251;234m▀[38;2;225;79;132m[48;2;223;73;128m▀[0m
[38;2;234;85;140m[48;2;233;85;140m▀[38;2;255;254;242m[48;2;255;255;242m▀[38;2;251;223;217m[48;2;251;233;222m▀[38;2;237;66;131m[48;2;235;33;113m▀[38;2;253;248;231m[48;2;250;214;212m▀[38;2;255;255;239m[48;2;255;255;249m▀[38;2;251;230;220m[48;2;247;188;197m▀[38;2;238;70;133m[48;2;235;46;120m▀[38;2;253;245;230m[48;2;253;253;234m▀[38;2;255;254;246m[48;2;255;255;247m▀[38;2;244;140;172m[48;2;243;139;171m▀[38;2;247;169;188m[48;2;244;169;186m▀[38;2;255;254;246m[48;2;255;255;247m▀[38;2;253;240;226m[48;2;254;250;231m▀[38;2;238;71;134m[48;2;253;253;233m▀[38;2;251;227;220m[48;2;254;255;238m▀[38;2;255;254;245m[48;2;255;255;242m▀[38;2;249;195;202m[48;2;248;199;204m▀[38;2;244;142;173m[48;2;243;143;173m▀[38;2;255;254;244m[48;2;255;255;245m▀[38;2;254;253;234m[48;2;253;255;236m▀[38;2;239;89;143m[48;2;238;79;137m▀[38;2;251;225;218m[48;2;250;225;218m▀[38;2;255;254;245m[48;2;254;255;242m▀[38;2;248;191;199m[48;2;254;254;234m▀[38;2;235;39;117m[48;2;252;240;225m▀[38;2;251;227;219m[48;2;252;244;228m▀[38;2;254;254;243m[48;2;252;255;241m▀[38;2;255;216;216m[48;2;254;218;220m▀[38;2;171;0;70m[48;2;134;1;55m▀[38;2;228;120;155m[48;2;192;65;112m▀[38;2;255;254;245m[48;2;254;255;243m▀[38;2;253;248;231m[48;2;251;255;235m▀[38;2;255;255;243m[48;2;254;253;236m▀[38;2;241;76;138m[48;2;209;33;103m▀[38;2;245;139;172m[48;2;224;91;139m▀[38;2;255;254;245m[48;2;254;255;245m▀[38;2;254;252;233m[48;2;252;255;238m▀[48;2;253;221;218m▀[38;2;241;45;122m[48;2;180;3;75m▀[38;2;249;193;201m[48;2;232;101;147m▀[38;2;255;253;242m[48;2;254;255;248m▀[38;2;254;251;234m[48;2;253;255;239m▀[38;2;231;31;111m[48;2;250;197;203m▀[38;2;242;130;165m[48;2;252;226;218m▀[38;2;255;253;244m[48;2;253;255;247m▀[38;2;253;255;235m[48;2;253;223;218m▀[38;2;246;172;188m[48;2;241;95;147m▀[38;2;253;245;229m[48;2;253;255;236m▀[38;2;255;254;246m[48;2;255;255;246m▀[38;2;225;121;154m[48;2;225;122;154m▀[38;2;144;3;56m[48;2;145;0;55m▀[38;2;255;199;207m[48;2;254;200;207m▀[38;2;254;254;245m[48;2;254;255;247m▀[38;2;251;220;215m[48;2;250;217;214m▀[38;2;249;201;205m[48;2;243;144;173m▀[38;2;255;253;240m[48;2;254;255;246m▀[38;2;254;252;235m[48;2;254;253;235m▀[38;2;236;46;120m[48;2;251;229;220m▀[38;2;246;160;182m[48;2;253;253;233m▀[38;2;255;254;246m[48;2;254;255;237m▀[38;2;253;240;226m[48;2;253;255;236m▀[38;2;241;118;159m[48;2;239;53;125m▀[38;2;252;255;235m[48;2;255;185;199m▀[38;2;254;252;236m[48;2;253;255;247m▀[38;2;253;238;227m[48;2;254;255;236m▀[38;2;239;85;141m[48;2;255;255;242m▀[38;2;242;125;162m[48;2;255;255;243m▀[38;2;254;250;235m[48;2;253;255;240m▀[38;2;255;254;244m[48;2;255;255;247m▀[38;2;246;162;184m[48;2;245;163;184m▀[38;2;245;177;191m[48;2;246;66;135m▀[38;2;254;254;243m[48;2;255;255;244m▀[38;2;255;254;238m[48;2;253;255;237m▀[38;2;247;171;188m[48;2;255;255;239m▀[38;2;237;64;129m[48;2;255;255;242m▀[38;2;250;209;209m[48;2;254;255;243m▀[38;2;254;253;238m[48;2;252;255;240m▀[38;2;255;254;236m[48;2;255;255;238m▀[38;2;223;74;129m[48;2;222;75;129m▀[0m
[38;2;240;84;142m[48;2;178;27;87m▀[38;2;255;250;238m[48;2;224;59;122m▀[38;2;255;230;222m[48;2;224;55;120m▀[38;2;233;17;105m[48;2;130;11;59m▀[38;2;249;155;181m[48;2;189;33;95m▀[38;2;255;250;251m[48;2;231;60;128m▀[38;2;248;129;168m[48;2;181;28;89m▀[38;2;242;38;120m[48;2;154;17;73m▀[38;2;255;247;232m[48;2;227;58;122m▀[38;2;255;250;244m[48;2;222;59;122m▀[38;2;249;138;173m[48;2;201;40;103m▀[38;2;248;77;141m[48;2;132;1;55m▀[38;2;255;247;238m[48;2;226;62;123m▀[38;2;254;255;241m[48;2;244;90;149m▀[38;2;255;217;215m[48;2;203;31;99m▀[38;2;254;211;211m[48;2;210;39;106m▀[38;2;255;250;244m[48;2;222;60;124m▀[38;2;252;191;202m[48;2;215;47;112m▀[38;2;248;139;173m[48;2;211;39;106m▀[38;2;255;250;241m[48;2;219;59;120m▀[38;2;255;250;235m[48;2;230;59;124m▀[38;2;241;60;129m[48;2;155;22;75m▀[38;2;250;116;162m[48;2;115;0;48m▀[38;2;255;246;238m[48;2;224;54;119m▀[38;2;254;255;237m[48;2;239;75;138m▀[38;2;255;242;228m[48;2;220;56;119m▀[38;2;255;234;224m[48;2;216;52;115m▀[38;2;253;250;238m[48;2;218;59;120m▀[38;2;255;211;220m[48;2;230;52;122m▀[38;2;120;7;54m[48;2;74;7;34m▀[38;2;141;21;69m[48;2;65;4;29m▀[38;2;255;225;227m[48;2;229;49;120m▀[38;2;251;250;238m[48;2;216;59;120m▀[38;2;255;212;220m[48;2;226;47;117m▀[38;2;131;5;56m[48;2;52;3;23m▀[38;2;175;45;95m[48;2;97;10;45m▀[38;2;255;242;235m[48;2;231;54;123m▀[38;2;252;250;239m[48;2;220;59;122m▀[38;2;255;161;192m[48;2;203;35;101m▀[38;2;66;0;23m[48;2;24;2;10m▀[38;2;108;5;47m[48;2;0;1;0m▀[38;2;255;137;179m[48;2;112;0;44m▀[38;2;255;241;232m[48;2;219;48;115m▀[38;2;255;255;243m[48;2;240;88;145m▀[38;2;255;255;240m[48;2;237;77;137m▀[38;2;255;215;221m[48;2;186;23;88m▀[38;2;228;57;122m[48;2;53;0;18m▀[38;2;235;69;132m[48;2;152;26;76m▀[38;2;255;250;238m[48;2;229;59;124m▀[38;2;255;250;242m[48;2;226;59;123m▀[38;2;231;118;155m[48;2;178;32;89m▀[38;2;151;1;58m[48;2;81;5;35m▀[38;2;255;195;206m[48;2;222;49;116m▀[38;2;255;250;242m[48;2;218;59;120m▀[38;2;255;224;219m[48;2;227;56;121m▀[38;2;243;42;121m[48;2;131;9;59m▀[38;2;255;195;205m[48;2;166;17;77m▀[38;2;254;255;242m[48;2;247;87;148m▀[38;2;255;252;234m[48;2;225;63;124m▀[38;2;255;216;214m[48;2;206;29;100m▀[38;2;255;250;234m[48;2;219;59;121m▀[38;2;255;249;237m[48;2;230;58;125m▀[38;2;211;51;113m[48;2;137;21;67m▀[38;2;189;25;90m[48;2;18;0;5m▀[38;2;255;187;206m[48;2;157;8;69m▀[38;2;255;250;235m[48;2;231;66;129m▀[38;2;254;255;237m[48;2;242;91;148m▀[38;2;255;245;234m[48;2;219;58;120m▀[38;2;255;154;183m[48;2;163;1;68m▀[38;2;255;233;225m[48;2;215;50;113m▀[38;2;255;180;197m[48;2;221;47;115m▀[38;2;178;0;69m[48;2;39;4;18m▀[38;2;238;108;152m[48;2;72;0;26m▀[38;2;255;231;230m[48;2;207;36;103m▀[38;2;254;255;236m[48;2;240;87;144m▀[38;2;254;255;239m[48;2;241;83;143m▀[38;2;255;206;211m[48;2;181;22;86m▀[38;2;253;166;188m[48;2;182;16;83m▀[38;2;255;250;239m[48;2;230;59;127m▀[38;2;229;71;130m[48;2;163;23;79m▀[0m
